0.021562
0.045356
0.796089
0.013157
0.004381
0.112399
0.427807
0.244500
0.154368
0.000201
0.007351
0.042081
0.000548
0.068281
0.341926
0.077981
0.275281
0.922730
0.296606
0.074573
0.176041
0.915945
0.684470
0.191761
0.147644
0.050405
0.318846
0.415174
0.043676
0.330286
0.017774
0.285825
0.365749
0.000381
0.964291
0.154368
0.275281
0.027868
0.019586
0.045356
0.015070
0.007933
0.555367
0.253993
0.015582
0.478922
0.068281
0.001782
0.604572
0.542778
0.285825
0.919405
0.102518
0.010280
0.330286
0.037755
0.415174
0.102518
0.275281
0.217278
0.018361
0.318846
0.040566
0.965807
0.744926
0.504578
0.102518
0.253993
0.872942
0.615237
0.263698
0.390207
0.003710
0.217278
0.097910
0.025298
0.003270
0.307616
0.263698
0.141168
0.037755
0.161340
0.005157
0.705651
0.530105
0.735498
0.001246
0.005157
0.107346
0.050405
0.365749
0.089334
0.093517
0.440516
0.365749
0.937501
0.208513
0.000040
0.983687
0.015070
0.042081
0.530105
0.931947
0.896476
0.112399
0.517366
0.011444
0.062638
0.673506
0.007933
0.788195
0.014572
0.341926
0.000139
0.285825
0.415174
0.650861
0.097910
0.931947
0.684470
0.856608
0.330286
0.018361
0.000277
0.504578
0.001304
0.123195
0.307616
0.453284
0.102518
0.253993
0.089334
0.128946
0.032878
0.074573
0.112399
0.026124
0.377906
0.102518
0.904717
0.042081
0.263698
0.912347
0.001304
0.353751
0.263698
0.604572
0.012277
0.330286
0.862249
0.037755
0.318846
0.018361
0.226144
0.057582
0.330286
0.009914
0.517366
0.004564
0.275281
0.077981
0.019586
0.176041
0.844711
0.263698
0.004564
0.042081
0.093517
0.615237
0.925926
0.093517
0.003869
0.013616
0.048997
0.176041
0.705651
0.102518
0.004033
0.504578
0.001946
0.567856
0.466092
0.168564
0.000290
0.365749
0.453284
0.168564
0.466092
0.862249
0.735498
0.071343
0.002529
0.052481
0.039126
0.093517
0.788195
0.244500
0.580229
0.684470
0.001246
0.217278
0.068281
0.856608
0.003411
0.226144
0.695186
0.275281
0.788195
0.000628
0.014088
0.117681
0.123195
0.715859
0.377906
0.307616
0.580229
0.001559
0.021562
0.117681
0.107346
0.191761
0.796089
0.042081
0.037755
0.009914
0.031791
0.001088
0.226144
0.023730
0.427807
0.154368
0.217278
0.402635
0.744926
0.900675
0.123195
0.000788
0.208513
0.077981
0.003869
0.032878
0.117681
0.330286
0.263698
0.000000
0.919405
0.402635
0.183773
0.318846
0.068281
0.275281
0.002877
0.047128
0.285825
0.117681
0.050405
0.440516
0.050405
0.043676
0.715859
0.042081
0.112399
0.006805
0.530105
0.037755
0.771655
0.047128
0.415174
0.580229
0.042081
0.725808
0.128946
0.102518
0.128946
0.466092
0.117681
0.217278
0.934780
0.107346
0.285825
0.085354
0.001088
0.034015
0.036449
0.263698
0.440516
0.208513
0.023730
0.684470
0.662300
0.925926
0.050405
0.012711
0.684470
0.074573
0.318846
0.065382
0.015582
0.725808
0.818315
0.183773
0.200008
0.032878
0.244500
0.296606
0.102518
0.141168
0.032878
0.000548
0.019586
0.235218
0.872942
0.780051
0.788195
0.971262
0.147644
0.097910
0.000116
0.052481
0.176041
0.341926
0.057582
0.453284
0.307616
0.491757
0.048997
0.318846
0.555367
0.009914
0.020225
0.007637
0.878004
0.134936
0.003710
0.208513
0.057582
0.081572
0.263698
0.141168
0.466092
0.517366
0.168564
0.318846
0.013157
0.580229
0.102518
0.208513
0.065382
0.263698
0.123195
0.161340
0.530105
0.377906
0.341926
0.005815
0.466092
0.074573
0.200008
0.024501
0.307616
0.042081
0.009914
0.353751
0.244500
0.604572
0.872942
0.039126
0.353751
0.217278
0.117681
0.014572
0.725808
0.285825
0.141168
0.942620
0.788195
0.042081
0.235218
0.615237
0.006293
0.744926
0.168564
0.296606
0.803738
0.825252
0.191761
0.208513
0.217278
0.000210
0.005369
0.639196
0.054678
0.074573
0.021562
0.567856
0.010280
0.045356
0.307616
0.014572
0.715859
