0.873605
0.085067
0.008164
0.376915
0.065153
0.191029
0.134454
0.615040
0.001394
0.868351
0.389236
0.025160
0.020105
0.102171
0.000040
0.452467
0.147106
0.000423
0.000583
0.695338
0.057371
0.684576
0.023597
0.542288
0.878669
0.306592
0.000293
0.970391
0.007280
0.055050
0.029598
0.000076
0.122765
0.262761
0.081297
0.097580
0.007003
0.002711
0.216447
0.175376
0.003361
0.745277
0.284823
0.340900
0.153799
0.134454
0.026836
0.050773
0.225297
0.529564
0.567472
0.011766
0.045170
0.093203
0.000267
0.016541
0.839066
0.065153
0.012619
0.745277
0.009478
0.000116
0.000464
0.001459
0.306592
0.065153
0.014473
0.059823
0.243605
0.788693
0.735812
0.112013
0.017094
0.207714
0.225297
0.037584
0.000076
0.000639
0.579899
0.295591
0.074319
0.579899
0.048804
0.439662
0.262761
0.001908
0.008164
0.529564
0.579899
0.243605
0.478189
0.057371
0.062415
0.253076
0.036281
0.818894
0.262761
0.160740
0.050773
0.274295
0.796610
0.772100
0.579899
0.028641
0.262761
0.274295
0.002277
0.106980
0.153799
0.329257
0.329257
0.000279
0.452467
0.062415
0.839066
0.452467
0.253076
0.604349
0.295591
0.112013
0.491069
0.106980
0.253076
0.025160
0.175376
0.901336
0.329257
0.037584
0.851405
0.022854
0.045170
0.389236
0.788693
0.055050
0.199242
0.754479
0.102171
0.935375
0.093203
0.352732
0.001745
0.037584
0.002179
0.011357
0.010197
0.106980
0.134454
0.207714
0.199242
0.376915
0.857257
0.284823
0.284823
0.478189
0.023597
0.604349
0.009134
0.716096
0.796610
0.478189
0.234346
0.376915
0.032718
0.018849
0.001908
0.364743
0.000212
0.112013
0.452467
0.426918
0.788693
0.465316
0.004892
0.097580
0.554930
0.000768
0.567472
0.009134
0.038952
0.529564
0.401687
0.000532
0.627174
0.234346
0.015479
0.057371
0.010197
0.916587
0.117273
0.662310
0.021437
0.364743
0.004696
0.662310
0.818894
0.134454
0.020761
0.002711
0.000841
0.000321
0.615040
0.352732
0.000279
0.000701
0.000243
0.000003
0.077716
0.062415
0.340900
0.062415
0.554930
0.780524
0.014473
0.592196
0.074319
0.627174
0.002711
0.465316
0.542288
0.005306
0.068044
0.401687
0.128490
0.030595
0.295591
0.057371
0.045170
0.216447
0.780524
0.284823
0.021437
0.243605
0.028641
0.077716
0.175376
0.046938
0.005985
0.093203
0.958032
0.478189
0.389236
0.340900
0.048804
0.389236
0.097580
0.389236
0.055050
0.016003
0.036281
0.045170
0.883550
0.615040
0.003220
0.414254
0.014473
0.167932
0.705846
0.426918
0.199242
0.153799
0.046938
0.938086
0.716096
0.021437
0.041901
0.452467
0.592196
0.160740
0.478189
0.183074
0.452467
0.234346
0.017094
0.295591
0.878669
0.295591
0.243605
0.253076
0.554930
0.317818
0.046938
0.000176
0.639105
0.005306
0.216447
0.439662
0.000583
0.912995
0.037584
0.048804
0.085067
0.207714
0.134454
0.452467
0.160740
0.705846
0.046938
0.016541
0.452467
0.705846
0.295591
0.000076
0.026836
0.026836
0.040389
0.031634
0.243605
0.579899
0.005751
0.020761
0.234346
0.567472
0.317818
0.000019
0.009134
0.763419
0.008164
0.888251
0.000232
0.041901
0.627174
0.005525
0.465316
0.000001
0.716096
0.128490
0.000255
0.274295
0.673565
0.183074
0.340900
0.022854
0.253076
0.026836
0.002379
0.062415
0.036281
0.020105
0.035038
0.253076
0.052284
0.032718
0.234346
0.024365
0.020105
0.284823
0.452467
0.340900
0.452467
0.780524
0.376915
0.065153
0.093203
0.352732
0.153799
0.329257
0.253076
0.052284
0.001908
0.001163
0.317818
0.002379
0.478189
0.243605
0.022854
0.014473
0.253076
0.426918
0.284823
0.001274
0.376915
0.615040
0.068044
0.376915
0.048804
0.057371
0.216447
0.745277
0.071097
0.068044
0.491069
0.030595
0.000611
0.017094
0.025160
0.401687
0.026836
0.012619
0.041901
0.579899
0.000386
0.754479
0.045170
0.000557
0.650821
0.160740
0.175376
0.225297
0.452467
0.001062
