0.003484
0.780787
0.065277
0.074479
0.341514
0.453042
0.478746
0.244143
0.726408
0.615488
0.085266
0.022828
0.945667
0.097822
0.097822
0.000264
0.845538
0.002361
0.036291
0.263315
0.011324
0.465882
0.263315
0.081482
0.216970
0.341514
0.191507
0.013488
0.706191
0.013488
0.901472
0.000662
0.963233
0.517300
0.453042
0.736124
0.234875
0.000693
0.032716
0.071245
0.389843
0.033854
0.307199
0.992710
0.285419
0.154198
0.081482
0.062528
0.845538
0.041932
0.329871
0.027705
0.040414
0.627608
0.036291
0.225818
0.453042
0.763701
0.046989
0.013031
0.745578
0.117576
0.555421
0.000960
0.263315
0.285419
0.007535
0.183536
0.365356
0.274883
0.001979
0.046989
0.365356
0.000104
0.168363
0.804518
0.225818
0.134804
0.234875
0.329871
0.883704
0.003955
0.074479
0.826061
0.000062
0.147488
0.274883
0.112300
0.377527
0.402291
0.580366
0.134804
0.253622
0.651228
0.365356
0.001382
0.013488
0.845538
0.651228
0.234875
0.005280
0.263315
0.010540
0.353347
0.097822
0.000760
0.038971
0.639526
0.024341
0.074479
0.796856
0.011324
0.000104
0.013488
0.329871
0.341514
0.427509
0.517300
0.062528
0.000693
0.726408
0.059926
0.000459
0.008133
0.141025
0.504474
0.478746
0.001052
0.008770
0.478746
0.085266
0.007829
0.010540
0.542791
0.427509
0.059926
0.234875
0.065277
0.018818
0.141025
0.000399
0.005723
0.296193
0.134804
0.542791
0.296193
0.018818
0.216970
0.000000
0.175822
0.085266
0.025962
0.208221
0.329871
0.168363
0.285419
0.005723
0.341514
0.052927
0.216970
0.036291
0.065277
0.530079
0.025138
0.154198
0.341514
0.028627
0.478746
0.055133
0.000021
0.353347
0.062528
0.763701
0.000693
0.077889
0.567951
0.414851
0.025138
0.883704
0.000001
0.888401
0.000662
0.161155
0.592651
0.089247
0.627608
0.000503
0.005280
0.025138
0.274883
0.763701
0.341514
0.006448
0.832777
0.161155
0.754770
0.004671
0.068180
0.134804
0.580366
0.059926
0.043530
0.191507
0.023572
0.040414
0.011733
0.046989
0.285419
0.046989
0.006707
0.716429
0.001005
0.191507
0.000760
0.043530
0.414851
0.402291
0.013031
0.147488
0.216970
0.000151
0.811937
0.081482
0.045213
0.046989
0.000011
0.329871
0.050839
0.465882
0.208221
0.161155
0.025138
0.736124
0.863080
0.014936
0.000760
0.020075
0.018818
0.580366
0.427509
0.851593
0.055133
0.234875
0.478746
0.025138
0.542791
0.491616
0.353347
0.234875
0.107252
0.318429
0.307199
0.453042
0.003484
0.530079
0.134804
0.604792
0.389843
0.068180
0.147488
0.832777
0.329871
0.263315
0.009446
0.868522
0.706191
0.006198
0.234875
0.057464
0.353347
0.046989
0.024341
0.089247
0.208221
0.000126
0.819116
0.059926
0.011733
0.010165
0.002162
0.001655
0.216970
0.191507
0.763701
0.263315
0.097822
0.478746
0.147488
0.011324
0.013031
0.134804
0.296193
0.832777
0.263315
0.253622
0.097822
0.147488
0.011733
0.002467
0.043530
0.021409
0.007829
0.041932
0.763701
0.216970
0.826061
0.000303
0.780787
0.851593
0.716429
0.018216
0.097822
0.883704
0.000100
0.023572
0.059926
0.504474
0.453042
0.014440
0.341514
0.504474
0.018216
0.074479
0.796856
0.234875
0.141025
0.296193
0.052927
0.085266
0.592651
0.014936
0.780787
0.005498
0.736124
0.062528
0.377527
0.285419
0.517300
0.059926
0.263315
0.032716
0.052927
0.253622
0.839267
0.046989
0.863080
0.329871
0.216970
0.341514
0.050839
0.141025
0.183536
0.673946
0.107252
0.055133
0.567951
0.007535
0.020075
0.017631
0.504474
0.000174
0.147488
0.154198
0.003065
0.504474
0.427509
0.038971
0.081482
0.147488
0.377527
0.199734
0.057464
0.141025
0.001979
0.199734
0.031628
0.161155
0.010165
0.000577
0.107252
0.863080
0.117576
0.673946
0.253622
0.592651
0.754770
0.253622
0.154198
0.001731
0.006198
0.567951
0.000026
0.134804
0.465882
0.021409
0.377527
0.365356
0.402291
0.026818
0.216970
