0.122396
0.037555
0.376418
0.111681
0.011802
0.031630
0.062273
0.001614
0.160258
0.013100
0.262132
0.233730
0.674336
0.426581
0.122396
0.021465
0.352176
0.092937
0.000124
0.736814
0.639728
0.555164
0.067879
0.088784
0.017129
0.054941
0.000815
0.317201
0.020135
0.242982
0.111681
0.884709
0.328657
0.018281
0.294953
0.207127
0.233730
0.011393
0.000016
0.352176
0.727055
0.097298
0.160258
0.190474
0.032710
0.746308
0.340319
0.106665
0.018881
0.696196
0.789834
0.262132
0.023620
0.057252
0.262132
0.717031
0.000649
0.097298
0.025178
0.781648
0.160258
0.077511
0.812886
0.116923
0.016576
0.140234
0.048724
0.190474
0.294953
0.567768
0.516823
0.140234
0.088784
0.074127
0.062273
0.000679
0.067879
0.019499
0.116923
0.413872
0.074127
0.128104
0.490998
0.542460
0.067879
0.054941
0.764502
0.174856
0.035020
0.013557
0.005782
0.805449
0.352176
0.773205
0.067879
0.273650
0.052187
0.328657
0.015005
0.088784
0.439373
0.020135
0.592615
0.242982
0.021465
0.018881
0.088784
0.627744
0.328657
0.088784
0.097298
0.439373
0.465132
0.097298
0.054941
0.025178
0.036258
0.364214
0.592615
0.005782
0.019499
0.029602
0.490998
0.045107
0.001349
0.833767
0.921068
0.001232
0.242982
0.007599
0.033839
0.592615
0.182536
0.516823
0.305964
0.262132
0.122396
0.003532
0.273650
0.914057
0.077511
0.465132
0.046867
0.004922
0.305964
0.294953
0.001475
0.023620
0.029602
0.036258
0.000054
0.128104
0.010233
0.262132
0.146662
0.003532
0.233730
0.413872
0.627744
0.077511
0.017697
0.273650
0.328657
0.340319
0.663034
0.305964
0.426581
0.000237
0.478061
0.413872
0.696196
0.294953
0.426581
0.340319
0.615555
0.062273
0.490998
0.062273
0.224691
0.215845
0.567768
0.284180
0.764502
0.233730
0.033839
0.002298
0.305964
0.128104
0.146662
0.889400
0.005337
0.789834
0.001475
0.025999
0.002734
0.018881
0.033839
0.627744
0.160258
0.067879
0.917632
0.009514
0.328657
0.017129
0.174856
0.057252
0.092937
0.003532
0.002619
0.167431
0.340319
0.106665
0.174856
0.833767
0.043437
0.328657
0.081077
0.262132
0.092937
0.388773
0.016576
0.328657
0.062273
0.388773
0.846544
0.016576
0.755537
0.111681
0.846544
0.764502
0.052187
0.023620
0.054941
0.048724
0.592615
0.017697
0.846544
0.364214
0.043437
0.388773
0.182536
0.064999
0.084833
0.198670
0.038917
0.413872
0.074127
0.040348
0.413872
0.869537
0.077511
0.041853
0.024386
0.317201
0.028649
0.388773
0.717031
0.364214
0.028649
0.490998
0.529674
0.439373
0.328657
0.592615
0.017129
0.352176
0.018881
0.062273
0.490998
0.242982
0.580257
0.140234
0.352176
0.846544
0.005126
0.224691
0.000000
0.413872
0.439373
0.000130
0.043437
0.021465
0.000312
0.002401
0.052187
0.174856
0.224691
0.028649
0.426581
0.198670
0.224691
0.490998
0.252449
0.008198
0.639728
0.077511
0.062273
0.717031
0.917632
0.167431
0.224691
0.503925
0.005556
0.160258
0.174856
0.033839
0.054941
0.490998
0.529674
0.452230
0.401264
0.000000
0.426581
0.003386
0.401264
0.092937
0.006510
0.010233
0.097298
0.604828
0.000649
0.696196
0.284180
0.000620
0.639728
0.106665
0.465132
0.153336
0.000620
0.252449
0.478061
0.639728
0.041853
0.014510
0.000342
0.050684
0.018881
0.340319
0.007599
0.024386
0.663034
0.426581
0.008198
0.452230
0.014510
0.028649
0.026849
0.000033
0.376418
0.858453
0.592615
0.059693
0.037555
0.036258
0.037555
0.088784
0.567768
0.002855
0.001125
0.101873
0.000000
0.294953
0.001289
0.128104
0.003842
0.002855
0.134048
0.043437
0.101873
0.000003
0.000041
0.190474
0.134048
0.252449
0.252449
0.153336
0.033839
0.864096
0.198670
0.182536
0.070919
0.074127
0.413872
0.401264
0.555164
0.088784
0.352176
0.077511
0.317201
0.000779
0.950901
0.001928
0.215845
0.685392
0.364214
0.067879
0.015005
0.224691
0.008836
0.048724
