0.351937
0.541609
0.140312
0.294884
0.030581
0.243033
0.528858
0.146746
0.022145
0.013077
0.000264
0.273633
0.503183
0.000503
0.273633
0.025164
0.305865
0.022863
0.190568
0.788843
0.363935
0.028634
0.035007
0.376098
0.002267
0.388412
0.400860
0.167525
0.863260
0.579312
0.000158
0.111730
0.464512
0.252482
0.128171
0.062271
0.305865
0.018263
0.638734
0.001209
0.003211
0.224769
0.614592
0.167525
0.426091
0.284138
0.905789
0.351937
0.052746
0.464512
0.001736
0.554279
0.021449
0.001517
0.084852
0.909675
0.025984
0.033825
0.351937
0.134122
0.000438
0.388412
0.328492
0.626764
0.388412
0.014005
0.028634
0.215923
0.252482
0.317070
0.140312
0.351937
0.097332
0.252482
0.134122
0.400860
0.684361
0.638734
0.207212
0.438839
0.040335
0.140312
0.579312
0.516043
0.000000
0.116979
0.516043
0.735780
0.243033
0.017110
0.695161
0.883942
0.673311
0.376098
0.413425
0.413425
0.351937
0.190568
0.000264
0.007003
0.081092
0.059689
0.106709
0.011367
0.207212
0.000000
0.958390
0.735780
0.243033
0.243033
0.528858
0.233796
0.077522
0.004141
0.340118
0.715993
0.340118
0.009839
0.074135
0.101911
0.000047
0.024371
0.005747
0.614592
0.000727
0.046856
0.128171
0.328492
0.017678
0.796786
0.116979
0.001209
0.067881
0.064999
0.015494
0.273633
0.190568
0.317070
0.033825
0.328492
0.070924
0.305865
0.012631
0.413425
0.207212
0.017110
0.122458
0.064999
0.328492
0.013077
0.153424
0.022863
0.233796
0.040335
0.004886
0.198760
0.182632
0.000052
0.351937
0.673311
0.233796
0.224769
0.067881
0.048713
0.376098
0.305865
0.000062
0.062271
0.077522
0.043425
0.001816
0.000303
0.001985
0.273633
0.926962
0.528858
0.084852
0.001899
0.041840
0.057246
0.745278
0.252482
0.081092
0.579312
0.077522
0.000578
0.000000
0.376098
0.014488
0.328492
0.684361
0.754512
0.252482
0.067881
0.134122
0.004886
0.028634
0.001736
0.000209
0.215923
0.541609
0.122458
0.140312
0.772195
0.243033
0.000054
0.128171
0.023605
0.826110
0.252482
0.400860
0.052746
0.182632
0.554279
0.868718
0.101911
0.000634
0.030581
0.883942
0.023605
0.591644
0.122458
0.006735
0.035007
0.182632
0.024371
0.081092
0.340118
0.020774
0.048713
0.438839
0.010968
0.788843
0.031616
0.000131
0.198760
0.088807
0.174952
0.046856
0.128171
0.134122
0.037541
0.317070
0.340118
0.705706
0.913412
0.294884
0.305865
0.092965
0.160350
0.092965
0.224769
0.001660
0.140312
0.438839
0.014488
0.006735
0.010968
0.451652
0.008166
0.146746
0.735780
0.413425
0.018263
0.001007
0.097332
0.052746
0.011367
0.097332
0.958390
0.000039
0.153424
0.198760
0.035007
0.252482
0.883942
0.006224
0.153424
0.001450
0.317070
0.054934
0.081092
0.111730
0.146746
0.328492
0.388412
0.284138
0.516043
0.001660
0.020119
0.426091
0.045095
0.932961
0.001517
0.490296
0.002369
0.715993
0.207212
0.626764
0.294884
0.128171
0.000303
0.092965
0.715993
0.013534
0.003211
0.477399
0.832851
0.490296
0.064999
0.013534
0.662017
0.413425
0.059689
0.016557
0.819138
0.451652
0.035007
0.077522
0.092965
0.050674
0.011776
0.070924
0.012631
0.317070
0.317070
0.146746
0.909675
0.426091
0.167525
0.116979
0.052746
0.215923
0.305865
0.088807
0.284138
0.116979
0.001155
0.438839
0.001587
0.025984
0.305865
0.043425
0.026835
0.340118
0.811930
0.851735
0.490296
0.451652
0.811930
0.243033
0.388412
0.673311
0.426091
0.041840
0.000086
0.088807
0.005302
0.490296
0.045095
0.000317
0.097332
0.376098
0.005520
0.001816
0.067881
0.022145
0.021449
0.905789
0.020119
0.000695
0.477399
0.001054
0.215923
0.591644
0.695161
0.070924
0.804480
0.001985
0.503183
0.438839
0.000503
0.040335
0.207212
0.005981
0.026835
0.294884
0.146746
0.754512
0.045095
0.363935
0.909675
0.128171
0.001587
0.284138
0.198760
0.252482
0.000578
0.048713
0.438839
