0.199368
0.745668
0.168037
0.001281
0.567999
0.055266
0.007926
0.004179
0.851682
0.153903
0.074510
0.262985
0.183187
0.517292
0.071293
0.008549
0.020267
0.604873
0.147211
0.306882
0.003243
0.961602
0.014110
0.000488
0.000737
0.274530
0.662742
0.567999
0.147211
0.295862
0.465805
0.191148
0.102317
0.012291
0.868603
0.216593
0.005797
0.036498
0.001117
0.329584
0.062623
0.053071
0.945689
0.027919
0.923511
0.353096
0.243794
0.005569
0.253282
0.023778
0.504449
0.329584
0.040610
0.049025
0.639541
0.015097
0.199368
0.234519
0.028842
0.905561
0.002502
0.006277
0.888469
0.020927
0.377313
0.389650
0.032930
0.295862
0.651254
0.253282
0.107119
0.071293
0.045392
0.053071
0.175484
0.081476
0.491575
0.199368
0.047160
0.012727
0.122885
0.329584
0.000930
0.414697
0.243794
0.045392
0.685000
0.013176
0.745668
0.102317
0.542812
0.085240
0.013637
0.592722
0.365123
0.036498
0.128606
0.068245
0.285076
0.329584
0.023778
0.796956
0.243794
0.028842
0.000704
0.175484
0.002007
0.465805
0.008876
0.011053
0.006791
0.191148
0.085240
0.107119
0.005348
0.000466
0.796956
0.049025
0.147211
0.000097
0.140766
0.017237
0.035254
0.826158
0.034065
0.068245
0.002007
0.062623
0.243794
0.639541
0.615478
0.365123
0.651254
0.542812
0.024550
0.042122
0.243794
0.191148
0.062623
0.019626
0.736211
0.074510
0.253282
0.053071
0.491575
0.002193
0.068245
0.804618
0.452947
0.027919
0.000035
0.517292
0.053071
0.017810
0.207850
0.414697
0.207850
0.253282
0.077902
0.032930
0.878903
0.745668
0.892990
0.262985
0.389650
0.868603
0.274530
0.243794
0.002613
0.191148
0.000511
0.517292
0.003685
0.402117
0.012291
0.047160
0.045392
0.001920
0.011867
0.007061
0.068245
0.085240
0.147211
0.763797
0.053071
0.207850
0.107119
0.567999
0.000586
0.253282
0.225456
0.851682
0.916753
0.042122
0.002395
0.060035
0.452947
0.002007
0.923511
0.000177
0.062623
0.021607
0.000244
0.004541
0.007340
0.542812
0.034065
0.389650
0.377313
0.491575
0.772470
0.175484
0.365123
0.057585
0.234519
0.530086
0.000028
0.772470
0.627611
0.168037
0.000370
0.897342
0.253282
0.043715
0.402117
0.567999
0.478687
0.015610
0.295862
0.128606
0.452947
0.414697
0.567999
0.478687
0.542812
0.093362
0.013637
0.897342
0.020267
0.427374
0.030801
0.112146
0.060035
0.074510
0.015097
0.112146
0.050993
0.031843
0.000511
0.491575
0.839360
0.478687
0.019004
0.122885
0.306882
0.168037
0.049025
0.047160
0.491575
0.706261
0.000003
0.274530
0.008549
0.068245
0.377313
0.685000
0.465805
0.001224
0.504449
0.020927
0.389650
0.015610
0.329584
0.465805
0.000845
0.402117
0.234519
0.153903
0.216593
0.243794
0.365123
0.015610
0.504449
0.042122
0.627611
0.000672
0.089200
0.024550
0.555456
0.863164
0.285076
0.128606
0.306882
0.004179
0.037802
0.745668
0.000974
0.402117
0.542812
0.465805
0.377313
0.353096
0.306882
0.199368
0.868603
0.274530
0.077902
0.857525
0.004179
0.695758
0.199368
0.651254
0.216593
0.440130
0.049025
0.916753
0.402117
0.026174
0.128606
0.216593
0.050993
0.077902
0.000406
0.008232
0.225456
0.318126
0.306882
0.651254
0.011867
0.036498
0.341245
0.845629
0.168037
0.452947
0.160844
0.081476
0.306882
0.306882
0.845629
0.491575
0.015097
0.389650
0.262985
0.695758
0.030801
0.530086
0.662742
0.796956
0.023778
0.478687
0.071293
0.491575
0.031843
0.402117
0.716506
0.318126
0.517292
0.071293
0.274530
0.892990
0.002395
0.160844
0.097733
0.000488
0.440130
0.651254
0.085240
0.160844
0.031843
0.414697
0.001836
0.763797
0.243794
0.081476
0.341245
0.112146
0.042122
0.274530
0.851682
0.024550
0.057585
0.285076
0.000974
0.055266
0.440130
0.530086
0.604873
0.465805
0.055266
0.000169
0.274530
0.295862
0.001117
0.414697
0.077902
0.901531
0.517292
0.093362
0.112146
0.857525
