0.389504
0.234384
0.175412
0.122817
0.000136
0.140705
0.093257
0.003320
0.341068
0.478688
0.478688
0.377156
0.893749
0.262823
0.028573
0.295689
0.717118
0.026763
0.805384
0.234384
0.085118
0.306705
0.001798
0.517383
0.364958
0.465778
0.568225
0.033799
0.014888
0.593018
0.000329
0.122817
0.167970
0.452895
0.010884
0.706850
0.001644
0.027651
0.128542
0.128542
0.001197
0.000628
0.840151
0.167970
0.000261
0.869390
0.023518
0.001572
0.048798
0.341068
0.225330
0.846421
0.018765
0.696322
0.074361
0.001798
0.243649
0.530209
0.306705
0.062440
0.452895
0.128542
0.026763
0.389504
0.593018
0.199276
0.102227
0.167970
0.013441
0.021355
0.746341
0.706850
0.117327
0.046927
0.352923
0.032662
0.160781
0.736865
0.295689
0.001311
0.026763
0.593018
0.167970
0.727123
0.007217
0.134503
0.727123
0.018765
0.207750
0.274368
0.491604
0.427278
0.199276
0.274368
0.065182
0.207750
0.234384
0.317947
0.191064
0.077762
0.414583
0.517383
0.910163
0.140705
0.005471
0.052857
0.329405
0.059843
0.833660
0.207750
0.615841
0.010884
0.059843
0.352923
0.001372
0.010884
0.032662
0.025083
0.050772
0.097635
0.134503
0.019385
0.065182
0.005471
0.175412
0.015920
0.755554
0.651709
0.140705
0.924192
0.055059
0.628005
0.004459
0.234384
0.038915
0.015397
0.615841
0.605204
0.057386
0.057386
0.140705
0.933331
0.306705
0.568225
0.001144
0.006942
0.102227
0.440055
0.568225
0.199276
0.068078
0.833660
0.059843
0.074361
0.274368
0.153842
0.284907
0.009761
0.147151
0.389504
0.000287
0.000997
0.068078
0.306705
0.128542
0.504508
0.018765
0.755554
0.306705
0.243649
0.000378
0.805384
0.377156
0.006676
0.352923
0.183110
0.112068
0.874631
0.530209
0.097635
0.000314
0.833660
0.041874
0.858317
0.452895
0.317947
0.000396
0.025083
0.003320
0.377156
0.243649
0.580687
0.000628
0.032662
0.364958
0.134503
0.440055
0.167970
0.175412
0.010125
0.465778
0.746341
0.306705
0.696322
0.317947
0.068078
0.031574
0.093257
0.364958
0.183110
0.789793
0.026763
0.050772
0.593018
0.160781
0.364958
0.043471
0.191064
0.036236
0.427278
0.234384
0.153842
0.175412
0.284907
0.253128
0.030532
0.030532
0.028573
0.225330
0.175412
0.001798
0.017579
0.028573
0.262823
0.542969
0.175412
0.074361
0.029533
0.674504
0.040357
0.008733
0.341068
0.000249
0.085118
0.199276
0.216488
0.029533
0.639965
0.000754
0.207750
0.530209
0.015397
0.542969
0.093257
0.000164
0.262823
0.889236
0.012109
0.102227
0.167970
0.097635
0.183110
0.517383
0.530209
0.000071
0.000011
0.038915
0.341068
0.478688
0.874631
0.465778
0.555647
0.004277
0.674504
0.006676
0.134503
0.389504
0.341068
0.048798
0.175412
0.034989
0.764504
0.102227
0.046927
0.000172
0.306705
0.568225
0.452895
0.427278
0.706850
0.027651
0.364958
0.001720
0.007217
0.000217
0.055059
0.427278
0.593018
0.153842
0.117327
0.306705
0.329405
0.465778
0.147151
0.015397
0.284907
0.000049
0.243649
0.004277
0.452895
0.440055
0.065182
0.065182
0.081345
0.216488
0.014888
0.706850
0.906295
0.017011
0.010499
0.019385
0.002149
0.555647
0.122817
0.000688
0.071136
0.389504
0.016458
0.112068
0.102227
0.440055
0.085118
0.295689
0.017579
0.175412
0.001372
0.117327
0.014888
0.001144
0.019385
0.225330
0.504508
0.746341
0.452895
0.000198
0.160781
0.364958
0.175412
0.074361
0.628005
0.000035
0.377156
0.826943
0.093257
0.074361
0.593018
0.046927
0.128542
0.011281
0.071136
0.025908
0.183110
0.234384
0.000628
0.000790
0.117327
0.465778
0.427278
0.071136
0.023518
0.046927
0.027651
0.029533
0.175412
0.952836
0.364958
0.295689
0.001372
0.008733
0.199276
0.000790
0.427278
0.153842
0.452895
0.329405
0.000041
0.122817
0.414583
0.017011
0.389504
0.389504
0.364958
0.004647
0.696322
0.478688
0.517383
0.003615
0.846421
0.950740
0.055059
