0.016001
0.141389
0.605766
0.217575
0.929915
0.022143
0.492642
0.308041
0.308041
0.071367
0.003810
0.366292
0.717223
0.833275
0.005090
0.045277
0.019471
0.005979
0.717223
0.342416
0.235531
0.001214
0.129144
0.492642
0.819654
0.226449
0.004143
0.006471
0.003356
0.819654
0.319291
0.286215
0.004143
0.235531
0.897583
0.045277
0.707006
0.797455
0.685801
0.098028
0.000069
0.018851
0.466902
0.264042
0.217575
0.055216
0.010567
0.027746
0.275657
0.235531
0.964893
0.805096
0.354267
0.085431
0.053005
0.254325
0.192048
0.003810
0.085431
0.781428
0.746307
0.176311
0.001329
0.062628
0.007854
0.098028
0.354267
0.053005
0.518325
0.168825
0.192048
0.685801
0.008472
0.018851
0.043591
0.354267
0.593636
0.244822
0.479770
0.845999
0.007274
0.005301
0.543809
0.176311
0.354267
0.874147
0.479770
0.001991
0.000484
0.000242
0.390809
0.200302
0.543809
0.093621
0.366292
0.062628
0.663600
0.200302
0.192048
0.543809
0.839747
0.020767
0.055216
0.001522
0.884050
0.354267
0.045277
0.945818
0.441253
0.089424
0.354267
0.916948
0.009827
0.901762
0.628554
0.192048
0.764386
0.244822
0.492642
0.235531
0.000076
0.003215
0.505500
0.354267
0.098028
0.147876
0.071367
0.068294
0.001742
0.378478
0.805096
0.068294
0.018249
0.040470
0.308041
0.001108
0.342416
0.428509
0.068294
0.773035
0.035093
0.308041
0.008158
0.286215
0.466902
0.226449
0.308041
0.244822
0.006471
0.014470
0.605766
0.011761
0.254325
0.217575
0.001011
0.007854
0.025176
0.032763
0.628554
0.102650
0.244822
0.275657
0.286215
0.707006
0.674822
0.518325
0.001329
0.022864
0.014470
0.217575
0.081635
0.037651
0.244822
0.797455
0.901762
0.000402
0.286215
0.755477
0.071367
0.039025
0.264042
0.184051
0.518325
0.616449
0.308041
0.112558
0.015477
0.117853
0.002706
0.319291
0.244822
0.505500
0.342416
0.147876
0.812494
0.053005
0.235531
0.746307
0.812494
0.628554
0.812494
0.717223
0.017094
0.004319
0.000766
0.264042
0.050913
0.013060
0.605766
0.030631
0.033902
0.021444
0.001160
0.254325
0.184051
0.078030
0.531101
0.001665
0.308041
0.938355
0.244822
0.045277
0.014470
0.065383
0.081635
0.275657
0.168825
0.789567
0.226449
0.605766
0.053005
0.089424
0.275657
0.057551
0.628554
0.001391
0.176311
0.863489
0.479770
0.085431
0.043591
0.016540
0.403269
0.200302
0.000254
0.026002
0.297013
0.415841
0.001821
0.390809
0.581361
0.074610
0.000320
0.013517
0.020109
0.217575
0.141389
0.062628
0.040470
0.176311
0.685801
0.797455
0.048932
0.441253
0.593636
0.062628
0.505500
0.123381
0.022864
0.001270
0.441253
0.000320
0.055216
0.135146
0.006730
0.001214
0.000231
0.000555
0.010191
0.062628
0.415841
0.071367
0.005301
0.012182
0.685801
0.010191
0.003810
0.011352
0.050913
0.244822
0.342416
0.308041
0.764386
0.217575
0.727180
0.050913
0.909651
0.026002
0.024379
0.556432
0.045277
0.047056
0.005745
0.047056
0.060019
0.390809
0.308041
0.000000
0.275657
0.022143
0.107492
0.000667
0.010191
0.531101
0.032763
0.026002
0.952406
0.123381
0.035093
0.330753
0.000881
0.000000
0.926865
0.531101
0.117853
0.002081
0.235531
0.415841
0.390809
0.330753
0.007854
0.060019
0.789567
0.010954
0.264042
0.727180
0.147876
0.005519
0.026002
0.390809
0.008158
0.123381
0.147876
0.033902
0.929915
0.674822
0.039025
0.568955
0.014967
0.000966
0.002951
0.640456
0.013517
0.652141
0.017663
0.531101
0.254325
0.264042
0.013987
0.123381
0.123381
0.000881
0.308041
0.275657
0.102650
0.208816
0.176311
0.000254
0.036341
0.062628
0.736874
0.078030
0.102650
0.531101
0.071367
0.047056
0.135146
0.275657
0.852037
0.192048
0.154610
0.048932
0.043591
0.200302
0.102650
0.020109
0.168825
0.071367
0.286215
0.135146
0.007559
0.797455
0.000581
0.009827
0.085431
0.057551
0.244822
0.093621
0.581361
0.428509
