0.695659
0.175591
0.013468
0.089115
0.025119
0.068089
0.046943
0.216716
0.093291
0.020713
0.097676
0.057396
0.093291
0.006185
0.011305
0.234616
0.020057
0.020057
0.542614
0.025119
0.234616
0.377248
0.465646
0.000200
0.285136
0.102274
0.763725
0.046943
0.081365
0.207969
0.036263
0.225561
0.147280
0.089115
0.000229
0.001260
0.878912
0.365075
0.567796
0.243881
0.839338
0.191264
0.128636
0.763725
0.059853
0.639434
0.160935
0.077778
0.216716
0.542614
0.567796
0.878912
0.077778
0.168137
0.062449
0.662637
0.673889
0.971759
0.089115
0.023554
0.081365
0.000240
0.093291
0.147280
0.341229
0.199487
0.112133
0.153984
0.000001
0.745587
0.006693
0.000126
0.341229
0.414587
0.191264
0.377248
0.018197
0.074375
0.000692
0.263049
0.695659
0.015951
0.452798
0.504265
0.059853
0.274603
0.000303
0.295909
0.040380
0.175591
0.000502
0.026799
0.077778
0.024323
0.706165
0.788989
0.377248
0.504265
0.353064
0.318142
0.353064
0.071148
0.726400
0.031607
0.234616
0.002686
0.002255
0.001150
0.754787
0.160935
0.478518
0.329585
0.160935
0.117401
0.580222
0.263049
0.414587
0.065192
0.199487
0.414587
0.000120
0.263049
0.295909
0.036263
0.122901
0.439993
0.001380
0.000144
0.026799
0.975237
0.491398
0.491398
0.839338
0.000120
0.341229
0.780823
0.234616
0.000126
0.353064
0.033830
0.926733
0.604671
0.068089
0.529890
0.050786
0.122901
0.452798
0.001975
0.081365
0.025944
0.465646
0.018197
0.043490
0.191264
0.673889
0.234616
0.057396
0.035018
0.093291
0.045171
0.050786
0.555254
0.071148
0.002356
0.868603
0.160935
0.491398
0.427250
0.225561
0.845611
0.074375
0.341229
0.074375
0.306914
0.736125
0.452798
0.000332
0.517102
0.926733
0.050786
0.216716
0.754787
0.377248
0.329585
0.857517
0.542614
0.004856
0.183299
0.207969
0.964857
0.057396
0.009086
0.012134
0.168137
0.010146
0.726400
0.036263
0.153984
0.037569
0.851669
0.005711
0.015427
0.465646
0.796904
0.009782
0.263049
0.353064
0.929792
0.517102
0.207969
0.234616
0.055070
0.389569
0.045171
0.020713
0.263049
0.207969
0.365075
0.006693
0.414587
0.243881
0.517102
0.341229
0.011305
0.021391
0.580222
0.011714
0.065192
0.377248
0.015427
0.000632
0.003627
0.001380
0.074375
0.772403
0.427250
0.006959
0.009782
0.439993
0.427250
0.147280
0.414587
0.225561
0.153984
0.012567
0.008117
0.027686
0.065192
0.845611
0.306914
0.097676
0.122901
0.022089
0.000069
0.000759
0.000229
0.040380
0.427250
0.000661
0.000551
0.107092
0.000526
0.160935
0.000264
0.427250
0.041895
0.000087
0.160935
0.012567
0.295909
0.811994
0.062449
0.225561
0.627505
0.077778
0.567796
0.059853
0.001003
0.038940
0.873852
0.006693
0.041895
0.285136
0.040380
0.234616
0.243881
0.225561
0.050786
0.234616
0.057396
0.318142
0.673889
0.811994
0.140823
0.160935
0.168137
0.377248
0.478518
0.022809
0.341229
0.295909
0.032694
0.465646
0.160935
0.013011
0.077778
0.134609
0.122901
0.028608
0.010908
0.147280
0.175591
0.414587
0.389569
0.478518
0.377248
0.001050
0.517102
0.517102
0.439993
0.112133
0.684899
0.225561
0.402021
0.028608
0.000399
0.780823
0.003058
0.068089
0.112133
0.491398
0.788989
0.263049
0.353064
0.427250
0.736125
0.025119
0.341229
0.003332
0.207969
0.050786
0.916788
0.107092
0.033830
0.673889
0.439993
0.329585
0.555254
0.517102
0.102274
0.102274
0.000364
0.117401
0.923550
0.043490
0.117401
0.093291
0.956305
0.567796
0.555254
0.000603
0.023554
0.102274
0.017612
0.001728
0.041895
0.006185
0.074375
0.207969
0.402021
0.414587
0.341229
0.025944
0.318142
0.001652
0.353064
0.068089
0.954365
0.913200
0.175591
0.517102
0.788989
0.002158
0.134609
0.329585
0.085142
0.263049
0.745587
0.112133
0.160935
0.038940
0.032694
0.025944
0.134609
0.736125
0.295909
0.580222
0.491398
0.414587
0.071148
