0.074308
0.153799
0.274424
0.016595
0.081280
0.147099
0.695070
0.364879
0.662068
0.117247
0.243703
0.763116
0.122741
0.002838
0.111986
0.225373
0.117247
0.771794
0.673313
0.097554
0.081280
0.006006
0.122741
0.077702
0.503956
0.818584
0.117247
0.040427
0.234433
0.017149
0.919789
0.439748
0.085047
0.000000
0.065153
0.284957
0.626966
0.128469
0.037626
0.122741
0.253185
0.022193
0.111986
0.006006
0.427015
0.074308
0.191074
0.284957
0.023655
0.000000
0.491103
0.735520
0.062418
0.035085
0.089011
0.001335
0.001397
0.015021
0.117247
0.000233
0.038992
0.341042
0.225373
0.284957
0.253185
0.491103
0.491103
0.040427
0.016056
0.006500
0.048828
0.306734
0.225373
0.111986
0.962999
0.018304
0.030647
0.243703
0.274424
0.744980
0.000193
0.038992
0.077702
0.074308
0.045200
0.614844
0.715814
0.262879
0.389360
0.491103
0.262879
0.046965
0.377046
0.947675
0.014523
0.262879
0.030647
0.199297
0.167947
0.014523
0.097554
0.000369
0.465377
0.554889
0.043526
0.031685
0.377046
0.028696
0.377046
0.478237
0.030647
0.037626
0.856955
0.516779
0.503956
0.295730
0.068041
0.478237
0.364879
0.030647
0.000464
0.427015
0.825537
0.000203
0.225373
0.018906
0.788383
0.008834
0.452541
0.000001
0.638884
0.028696
0.341042
0.122741
0.516779
0.295730
0.604250
0.414361
0.262879
0.071090
0.031685
0.614844
0.478237
0.274424
0.662068
0.604250
0.147099
0.111986
0.065153
0.673313
0.046965
0.626966
0.253185
0.068041
0.868055
0.033900
0.002838
0.002838
0.262879
0.377046
0.478237
0.818584
0.062418
0.153799
0.016595
0.030647
0.033900
0.253185
0.160748
0.032768
0.050794
0.306734
0.262879
0.284957
0.306734
0.167947
0.041936
0.037626
0.000014
0.715814
0.491103
0.022193
0.024423
0.175401
0.905106
0.465377
0.077702
0.626966
0.243703
0.045200
0.089011
0.452541
0.027777
0.000222
0.018304
0.000701
0.001165
0.045200
0.592111
0.055064
0.117247
0.134437
0.048828
0.780216
0.940469
0.000073
0.216523
0.000486
0.191074
0.085047
0.043526
0.010235
0.465377
0.024423
0.001063
0.032768
0.021495
0.033900
0.216523
0.008834
0.554889
0.019525
0.065153
0.117247
0.003991
0.341042
0.243703
0.022912
0.147099
0.027777
0.225373
0.001461
0.128469
0.763116
0.780216
0.516779
0.401804
0.167947
0.027777
0.093178
0.216523
0.377046
0.317961
0.183109
0.329401
0.089011
0.005113
0.071090
0.295730
0.160748
0.057381
0.043526
0.295730
0.033900
0.554889
0.038992
0.111986
0.029652
0.022193
0.028696
0.024423
0.329401
0.019525
0.401804
0.364879
0.035085
0.040427
0.341042
0.542263
0.035085
0.055064
0.243703
0.010235
0.912735
0.604250
0.122741
0.516779
0.007306
0.364879
0.081280
0.896864
0.754178
0.295730
0.243703
0.140646
0.000042
0.317961
0.035085
0.225373
0.614844
0.085047
0.071090
0.341042
0.031685
0.153799
0.780216
0.364879
0.341042
0.735520
0.160748
0.452541
0.662068
0.253185
0.284957
0.862605
0.542263
0.035085
0.008194
0.106953
0.065153
0.439748
0.106953
0.478237
0.013110
0.427015
0.002964
0.062418
0.093178
0.971513
0.377046
0.167947
0.059831
0.008194
0.516779
0.071090
0.364879
0.016595
0.102144
0.662068
0.012231
0.093178
0.503956
0.020819
0.243703
0.077702
0.811396
0.306734
0.364879
0.306734
0.234433
0.949884
0.005771
0.234433
0.093178
0.006006
0.414361
0.452541
0.008194
0.065153
0.006760
0.306734
0.048828
0.007593
0.085047
0.401804
0.031685
0.478237
0.465377
0.284957
0.818584
0.567416
0.122741
0.650589
0.001397
0.035085
0.341042
0.081280
0.057381
0.015531
0.306734
0.003370
0.883263
0.796300
0.284957
0.243703
0.057381
0.796300
0.026040
0.234433
0.081280
0.253185
0.050794
0.295730
0.022193
0.015531
0.274424
0.025217
0.478237
0.341042
0.284957
0.516779
0.074308
0.614844
0.234433
0.352873
0.089011
0.234433
0.030647
0.008194
0.452541
