0.503554
0.780047
0.074849
0.306514
0.029887
0.043916
0.274292
0.673051
0.000464
0.253137
0.490700
0.154163
0.225434
0.225434
0.007582
0.001163
0.008827
0.005100
0.003220
0.234457
0.168248
0.033044
0.788221
0.000969
0.426630
0.788221
0.364551
0.253137
0.780047
0.413984
0.207900
0.065670
0.043916
0.364551
0.771619
0.008185
0.006748
0.389004
0.057867
0.074849
0.317715
0.306514
0.684064
0.329131
0.234457
0.603877
0.490700
0.413984
0.057867
0.117748
0.744783
0.022323
0.154163
0.000203
0.705339
0.112501
0.979901
0.117748
0.034190
0.002084
0.199454
0.376704
0.183340
0.081828
0.004896
0.052762
0.788221
0.043916
0.401437
0.306514
0.014069
0.036643
0.554496
0.128934
0.000369
0.014069
0.043916
0.102679
0.253137
0.008185
0.207900
0.825400
0.098096
0.262798
0.340751
0.329131
0.207900
0.567028
0.065670
0.052762
0.274292
0.364551
0.000307
0.000386
0.036643
0.000212
0.043916
0.329131
0.081828
0.117748
0.002378
0.306514
0.074849
0.932253
0.085597
0.490700
0.262798
0.000423
0.000058
0.000161
0.051241
0.780047
0.015576
0.916254
0.199454
0.684064
0.516378
0.000280
0.000700
0.364551
0.147492
0.673051
0.000639
0.477835
0.191268
0.253137
0.306514
0.274292
0.016106
0.081828
0.452145
0.000051
0.464977
0.464977
0.452145
0.803818
0.141065
0.191268
0.049261
0.376704
0.161081
0.284794
0.123225
0.010613
0.000386
0.123225
0.030895
0.389004
0.006748
0.023806
0.464977
0.068567
0.074849
0.694829
0.529155
0.045605
0.134880
0.042313
0.490700
0.780047
0.039339
0.942916
0.010234
0.043916
0.867945
0.040788
0.591733
0.107479
0.093725
0.253137
0.452145
0.009867
0.134880
0.147492
0.503554
0.780047
0.000001
0.753989
0.040788
0.554496
0.541866
0.900976
0.352562
0.168248
0.093725
0.284794
0.017789
0.011405
0.017212
0.154163
0.199454
0.045605
0.005993
0.603877
0.049261
0.364551
0.306514
0.051241
0.673051
0.873205
0.262798
0.262798
0.225434
0.516378
0.020265
0.284794
0.081828
0.591733
0.033044
0.614527
0.003658
0.074849
0.085597
0.175667
0.051241
0.329131
0.029887
0.464977
0.284794
0.023806
0.329131
0.216605
0.650305
0.340751
0.035388
0.001824
0.541866
0.856838
0.705339
0.477835
0.001273
0.887871
0.002084
0.123225
0.626659
0.030895
0.529155
0.243691
0.935084
0.753989
0.002830
0.389004
0.007582
0.141065
0.352562
0.803818
0.780047
0.389004
0.253137
0.007017
0.037959
0.021616
0.216605
0.011004
0.183340
0.832127
0.028918
0.020265
0.002378
0.123225
0.047385
0.102679
0.022323
0.243691
0.825400
0.490700
0.147492
0.040788
0.541866
0.401437
0.401437
0.016106
0.329131
0.762934
0.771619
0.001332
0.352562
0.016652
0.329131
0.020265
0.010613
0.401437
0.253137
0.049261
0.579445
0.006748
0.117748
0.147492
0.661795
0.715592
0.016106
0.147492
0.352562
0.060328
0.002484
0.117748
0.413984
0.045605
0.012244
0.673051
0.340751
0.009867
0.098096
0.426630
0.021616
0.089561
0.000803
0.923040
0.916254
0.216605
0.028918
0.780047
0.295537
0.661795
0.705339
0.002084
0.001014
0.098096
0.650305
0.154163
0.068567
0.284794
0.036643
0.426630
0.295537
0.014557
0.001669
0.661795
0.516378
0.021616
0.030895
0.000700
0.015576
0.942916
0.034190
0.009509
0.477835
0.477835
0.043916
0.000352
0.216605
0.191268
0.161081
0.003658
0.017789
0.078248
0.464977
0.638589
0.154163
0.844913
0.004699
0.183340
0.684064
0.000532
0.011819
0.068567
0.694829
0.000002
0.490700
0.052762
0.049261
0.016652
0.154163
0.844913
0.715592
0.098096
0.018991
0.018991
0.043916
0.389004
0.673051
0.452145
0.199454
0.317715
0.225434
0.134880
0.000352
0.008827
0.376704
0.452145
0.191268
0.009867
0.141065
0.744783
0.036643
0.771619
0.340751
0.591733
0.015060
0.098096
0.154163
0.074849
0.089561
0.074849
0.832127
0.274292
0.047385
0.000767
0.262798
0.317715
