0.628106
0.253043
0.033740
0.764436
0.365034
0.175248
0.046884
0.504667
0.262753
0.858122
0.199121
0.504667
0.504667
0.005213
0.593129
0.190904
0.009344
0.402103
0.010430
0.000162
0.640056
0.074303
0.153682
0.003022
0.055018
0.093170
0.207600
0.015837
0.140555
0.097542
0.262753
0.111952
0.478846
0.000067
0.153682
0.002326
0.306695
0.274306
0.006122
0.262753
0.389610
0.057343
0.122687
0.046884
0.000682
0.000034
0.000258
0.717118
0.253043
0.019938
0.175248
0.306695
0.028503
0.884331
0.530361
0.306695
0.040309
0.081277
0.004423
0.055018
0.007739
0.128404
0.306695
0.167806
0.773112
0.160618
0.016927
0.207600
0.153682
0.389610
0.001949
0.000450
0.052816
0.004610
0.253043
0.377248
0.000430
0.111952
0.440201
0.736837
0.295661
0.018080
0.863753
0.034932
0.106928
0.074303
0.134359
0.909935
0.199121
0.068028
0.097542
0.001034
0.846240
0.024209
0.568355
0.225207
0.329431
0.543116
0.329431
0.879468
0.696350
0.013831
0.055018
0.006891
0.284862
0.963529
0.781528
0.504667
0.000186
0.190904
0.727110
0.160618
0.021971
0.004243
0.781528
0.015837
0.329431
0.746301
0.306695
0.243550
0.000107
0.024209
0.329431
0.402103
0.389610
0.034932
0.018080
0.089007
0.889015
0.000392
0.175248
0.968013
0.402103
0.913653
0.085044
0.043426
0.048756
0.717118
0.059800
0.274306
0.062394
0.038865
0.389610
0.568355
0.555786
0.365034
0.651788
0.005652
0.295661
0.663292
0.306695
0.530361
0.160618
0.001423
0.015837
0.081277
0.019938
0.352984
0.006370
0.140555
0.427417
0.160618
0.050731
0.182947
0.284862
0.933108
0.663292
0.317955
0.906068
0.009003
0.019301
0.306695
0.027579
0.317955
0.029464
0.605303
0.081277
0.055018
0.262753
0.869184
0.055018
0.001558
0.199121
0.059800
0.858122
0.097542
0.000517
0.037490
0.024209
0.071081
0.491763
0.153682
0.414711
0.341111
0.011616
0.010814
0.253043
0.022693
0.317955
0.024209
0.055018
0.167806
0.909935
0.812672
0.038865
0.000943
0.491763
0.846240
0.014806
0.253043
0.032601
0.789689
0.225207
0.352984
0.262753
0.465935
0.530361
0.000053
0.059800
0.402103
0.111952
0.207600
0.059800
0.243550
0.874420
0.199121
0.190904
0.568355
0.077699
0.167806
0.117204
0.789689
0.021971
0.021273
0.167806
0.869184
0.040309
0.008351
0.031510
0.027579
0.040309
0.077699
0.019301
0.863753
0.685580
0.055018
0.146995
0.097542
0.317955
0.052816
0.253043
0.478846
0.102126
0.068028
0.517539
0.580808
0.011616
0.555786
0.568355
0.024209
0.000594
0.028503
0.071081
0.001949
0.225207
0.000195
0.190904
0.111952
0.234272
0.207600
0.988838
0.153682
0.026689
0.038865
0.024209
0.020595
0.216343
0.041827
0.190904
0.011616
0.008672
0.389610
0.013363
0.008672
0.071081
0.216343
0.295661
0.041827
0.057343
0.117204
0.085044
0.052816
0.389610
0.453047
0.106928
0.097542
0.199121
0.106928
0.306695
0.306695
0.190904
0.003902
0.102126
0.952636
0.019301
0.306695
0.009003
0.081277
0.389610
0.023438
0.190904
0.077699
0.453047
0.414711
0.329431
0.968013
0.000311
0.491763
0.033740
0.074303
0.022693
0.006626
0.050731
0.000235
0.025006
0.651788
0.317955
0.045109
0.167806
0.160618
0.008351
0.008672
0.033740
0.755500
0.000283
0.491763
0.008040
0.453047
0.005004
0.029464
0.706864
0.071081
0.651788
0.225207
0.065135
0.057343
0.004803
0.717118
0.414711
0.005213
0.128404
0.077699
0.706864
0.167806
0.295661
0.021971
0.068028
0.045109
0.207600
0.000341
0.262753
0.295661
0.025832
0.954650
0.182947
0.262753
0.000235
0.025006
0.025832
0.000036
0.001489
0.341111
0.014806
0.175248
0.284862
0.048756
0.190904
0.001949
0.085044
0.005883
0.037490
0.262753
0.317955
0.234272
0.040309
0.074303
0.746301
0.018681
0.284862
0.122687
0.243550
0.504667
0.182947
0.182947
0.377248
0.023438
0.045109
0.013831
0.003154
0.000195
