0.253534
0.017142
0.039089
0.071328
0.377186
0.341250
0.074559
0.285269
0.031746
0.000583
0.022206
0.942833
0.065367
0.026929
0.036410
0.024447
0.353058
0.010589
0.191502
0.065367
0.009146
0.053033
0.042048
0.579673
0.263211
0.452551
0.465367
0.274753
0.057563
0.244070
0.102484
0.060023
0.318212
0.001993
0.000321
0.068267
0.005096
0.253534
0.168379
0.154224
0.465367
0.001273
0.062622
0.005987
0.329630
0.253534
0.365041
0.093493
0.175833
0.045327
0.085336
0.626841
0.161177
0.318212
0.018905
0.068267
0.147519
0.296022
0.001332
0.053033
0.000185
0.039089
0.452551
0.000386
0.134842
0.107305
0.077965
0.465367
0.503891
0.263211
0.074559
0.014508
0.001824
0.263211
0.478207
0.060023
0.638750
0.542148
0.000767
0.003359
0.002483
0.000369
0.161177
0.081555
0.878180
0.296022
0.000423
0.037717
0.002083
0.154224
0.567273
0.199721
0.141059
0.554760
0.762910
0.788172
0.401899
0.081555
0.024447
0.033973
0.062622
0.005096
0.154224
0.042048
0.017713
0.832047
0.039089
0.414434
0.077965
0.225770
0.191502
0.015518
0.000583
0.191502
0.542148
0.427067
0.554760
0.039089
0.033973
0.353058
0.004506
0.591943
0.516696
0.007008
0.244070
0.377186
0.074559
0.077965
0.439778
0.042048
0.001162
0.003814
0.244070
0.141059
0.128866
0.661916
0.199721
0.161177
0.053033
0.684148
0.055236
0.015006
0.626841
0.208198
0.003219
0.529455
0.579673
0.001061
0.065367
0.234815
0.762910
0.191502
0.000176
0.307006
0.439778
0.002709
0.244070
0.567273
0.614730
0.055236
0.010977
0.128866
0.001824
0.026072
0.439778
0.055236
0.001332
0.673153
0.285269
0.850891
0.329630
0.175833
0.000423
0.542148
0.329630
0.478207
0.006740
0.427067
0.452551
0.825323
0.134842
0.244070
0.838546
0.491055
0.892309
0.062622
0.014023
0.296022
0.047101
0.134842
0.715628
0.916161
0.008486
0.427067
0.036410
0.028742
0.439778
0.107305
0.199721
0.638750
0.134842
0.081555
0.134842
0.896676
0.000134
0.183540
0.006480
0.018905
0.253534
0.838546
0.020826
0.579673
0.053033
0.684148
0.022929
0.940327
0.019527
0.008486
0.102484
0.168379
0.010589
0.478207
0.022206
0.439778
0.803756
0.307006
0.035163
0.024447
0.414434
0.838546
0.062622
0.107305
0.673153
0.216932
0.661916
0.491055
0.832047
0.389477
0.000222
0.253534
0.715628
0.042048
0.107305
0.000000
0.225770
0.107305
0.117623
0.389477
0.029703
0.377186
0.183540
0.001014
0.365041
0.389477
0.047101
0.725607
0.377186
0.071328
0.000639
0.307006
0.614730
0.042048
0.017713
0.389477
0.001458
0.307006
0.055236
0.401899
0.908817
0.032835
0.979853
0.353058
0.567273
0.591943
0.744781
0.427067
0.003505
0.001525
0.050947
0.803756
0.216932
0.844826
0.081555
0.318212
0.329630
0.022929
0.414434
0.055236
0.175833
0.000321
0.183540
0.134842
0.065367
0.542148
0.037717
0.000280
0.000369
0.414434
0.001824
0.036410
0.285269
0.010212
0.491055
0.715628
0.341250
0.000733
0.085336
0.018905
0.032835
0.465367
0.199721
0.023676
0.062622
0.071328
0.036410
0.491055
0.377186
0.047101
0.040531
0.007867
0.074559
0.014508
0.003359
0.053033
0.244070
0.085336
0.285269
0.567273
0.005526
0.225770
0.529455
0.053033
0.365041
0.263211
0.062622
0.020826
0.825323
0.005096
0.005987
0.117623
0.004696
0.023676
0.389477
0.684148
0.377186
0.353058
0.529455
0.341250
0.004506
0.047101
0.107305
0.015518
0.128866
0.529455
0.002954
0.002829
0.771586
0.005307
0.234815
0.650445
0.071328
0.818369
0.377186
0.060023
0.117623
0.057563
0.128866
0.263211
0.329630
0.439778
0.040531
0.638750
0.208198
0.414434
0.604070
0.000336
0.491055
0.353058
0.010212
0.225770
0.002483
0.491055
0.085336
0.329630
0.377186
0.036410
0.234815
0.055236
0.017713
0.856747
0.253534
0.040531
0.199721
0.023676
0.803756
0.004323
0.039089
0.147519
0.001014
0.055236
