0.001314
0.018135
0.208196
0.122963
0.032627
0.168288
0.296296
0.004836
0.492098
0.839985
0.858123
0.032627
0.025051
0.107123
0.000208
0.000757
0.008395
0.014366
0.005464
0.107123
0.010105
0.826801
0.651986
0.033764
0.285504
0.365583
0.014366
0.274952
0.122963
0.112173
0.117452
0.941192
0.147390
0.893518
0.028540
0.199698
0.935909
0.068057
0.330031
0.530636
0.000456
0.085135
0.365583
0.874416
0.341696
0.085135
0.045114
0.081352
0.504981
0.466311
0.002348
0.052819
0.427859
0.057351
0.365583
0.341696
0.517833
0.065156
0.530636
0.175756
0.365583
0.022022
0.199698
0.244165
0.037506
0.029499
0.022742
0.517833
0.000075
0.000047
0.517833
0.874416
0.415176
0.390118
0.216950
0.001146
0.015892
0.966579
0.933100
0.107123
0.746379
0.068057
0.016982
0.402590
0.530636
0.402590
0.055023
0.318569
0.415176
0.353551
0.492098
0.225812
0.874416
0.089114
0.022742
0.041835
0.046887
0.001255
0.077760
0.427859
0.010105
0.191460
0.000262
0.011667
0.628339
0.402590
0.183480
0.007489
0.023486
0.858123
0.020648
0.000250
0.402590
0.909926
0.530636
0.353551
0.004273
0.846245
0.492098
0.004642
0.134694
0.427859
0.140920
0.117452
0.191460
0.057351
0.628339
0.263367
0.019355
0.046887
0.134694
0.285504
0.199698
0.216950
0.023486
0.000288
0.427859
0.593319
0.038878
0.593319
0.427859
0.023486
0.402590
0.727209
0.879462
0.122963
0.543373
0.050733
0.175756
0.077760
0.453445
0.025051
0.852289
0.071119
0.492098
0.093297
0.117452
0.008084
0.117452
0.140920
0.012960
0.819865
0.005038
0.013884
0.415176
0.833506
0.017550
0.377777
0.736926
0.415176
0.097690
0.019355
0.077760
0.000000
0.038878
0.006931
0.616202
0.869181
0.112173
0.253659
0.029499
0.000397
0.009048
0.274952
0.651986
0.933100
0.147390
0.002676
0.014861
0.014861
0.117452
0.000315
0.897860
0.040319
0.440622
0.015369
0.168288
0.000524
0.009742
0.016982
0.504981
0.102297
0.296296
0.024256
0.874416
0.208196
0.000757
0.556025
0.556025
0.727209
0.216950
0.065156
0.917219
0.225812
0.089114
0.161072
0.071119
0.007489
0.000912
0.018135
0.089114
0.012517
0.225812
0.318569
0.081352
0.019992
0.263367
0.026731
0.440622
0.341696
0.797630
0.826801
0.052819
0.318569
0.024256
0.628339
0.427859
0.019992
0.543373
0.253659
0.128709
0.000524
0.466311
0.000574
0.059811
0.038878
0.390118
0.020648
0.253659
0.427859
0.013416
0.002150
0.530636
0.000830
0.696487
0.858123
0.353551
0.852289
0.071119
0.427859
0.307321
0.216950
0.071119
0.071119
0.022742
0.077760
0.040319
0.453445
0.102297
0.002150
0.050733
0.377777
0.234883
0.000137
0.353551
0.005247
0.318569
0.285504
0.052819
0.889008
0.736926
0.000143
0.377777
0.065156
0.736926
0.128709
0.022742
0.002348
0.005920
0.274952
0.062410
0.074351
0.003319
0.234883
0.568578
0.717229
0.018135
0.000601
0.028540
0.052819
0.933100
0.208196
0.065156
0.085135
0.016982
0.616202
0.330031
0.019355
0.479202
0.025051
0.028540
0.492098
0.000362
0.003319
0.043432
0.024256
0.504981
0.059811
0.000659
0.954644
0.002057
0.003613
0.003613
0.427859
0.043432
0.530636
0.427859
0.036199
0.000315
0.077760
0.696487
0.000000
0.017550
0.307321
0.154107
0.046887
0.479202
0.568578
0.543373
0.007205
0.839985
0.023486
0.046887
0.191460
0.027618
0.377777
0.048758
0.616202
0.946055
0.889008
0.941192
0.117452
0.341696
0.052819
0.040319
0.427859
0.008084
0.923957
0.244165
0.225812
0.208196
0.263367
0.244165
0.208196
0.517833
0.128709
0.453445
0.007489
0.605479
0.057351
0.034953
0.077760
0.199698
0.216950
0.134694
0.052819
0.001095
0.427859
0.869181
0.003769
0.274952
0.869181
0.003613
0.016430
0.102297
0.390118
0.010479
0.048758
0.107123
0.134694
0.140920
0.068057
0.010864
0.071119
0.556025
0.797630
0.003931
0.037506
0.001505
0.402590
