0.086274
0.405340
0.459581
0.528611
0.590520
0.440911
0.299286
0.098301
0.265928
0.354550
0.132606
0.257447
0.503402
0.171522
0.224097
0.122921
0.130152
0.317101
0.343892
0.350956
0.078844
0.401071
0.574941
0.372352
0.193387
0.503402
0.350956
0.317101
0.418388
0.715967
0.343892
0.182390
0.413998
0.464332
0.120556
0.396844
0.879624
0.182390
0.464332
0.298303
0.260260
0.212860
0.179659
0.554243
0.427283
0.595715
0.350956
0.298303
0.065412
0.265928
0.574941
0.268783
0.409649
0.671253
0.257447
0.111340
0.454862
0.401071
0.002198
0.307717
0.559405
0.401071
0.224097
0.650637
0.503402
0.113607
0.413998
0.770748
0.396844
0.368417
0.376329
0.779245
0.100406
0.645429
0.368417
0.268783
0.372352
0.538822
0.252629
0.330220
0.330220
0.543949
0.431789
0.330220
0.401071
0.445526
0.140090
0.333583
0.392657
0.405340
0.313899
0.158176
0.235421
0.320333
0.006745
0.201701
0.120556
0.347404
0.493473
0.063866
0.084372
0.326891
0.376329
0.533708
0.336982
0.518467
0.427283
0.388512
0.358184
0.405340
0.147743
0.388512
0.210063
0.307717
0.241122
0.488546
0.376329
0.549090
0.198924
0.059402
0.427283
0.333583
0.549090
0.422816
0.523530
0.488546
0.096225
0.210063
0.252629
0.000001
0.498426
0.454862
0.590520
0.283303
0.606101
0.226919
0.350956
0.454862
0.488546
0.436331
0.354550
0.559405
0.396844
0.528611
0.127719
0.060861
0.554243
0.326891
0.260260
0.418388
0.207270
0.533708
0.113607
0.469115
0.464332
0.436331
0.303465
0.008017
0.313899
0.384409
0.372352
0.317101
0.380348
0.483646
0.464332
0.427283
0.580131
0.358184
0.445526
0.330220
0.274540
0.323596
0.564577
0.401071
0.092158
0.611288
0.210063
0.611288
0.207270
0.025395
0.422816
0.445526
0.040785
0.343892
0.330220
0.849913
0.265928
0.600909
0.142623
0.459581
0.125309
0.280364
0.473929
0.518467
0.440911
0.317101
0.418388
0.418388
0.445526
0.523530
0.330220
0.226919
0.459581
0.263087
0.289239
0.226919
0.274540
0.358184
0.493473
0.198924
0.513425
0.292239
0.483646
0.396844
0.018348
0.401071
0.163478
0.392657
0.459581
0.212860
0.401071
0.313899
0.289239
0.232580
0.701360
0.077061
0.436331
0.436331
0.676345
0.436331
0.179659
0.185128
0.031423
0.006366
0.055195
0.671253
0.436331
0.549090
0.459581
0.401071
0.145174
0.376329
0.317101
0.376329
0.396844
0.681409
0.274540
0.283303
0.450177
0.368417
0.298303
0.187874
0.252629
0.198924
0.422816
0.063866
0.052530
0.354550
0.645429
0.554243
0.042932
0.368417
0.422816
0.176937
0.595715
0.508402
0.645429
0.243985
0.368417
0.396844
0.088206
0.666135
0.333583
0.350956
0.257447
0.277443
0.106886
0.554243
0.436331
0.469115
0.445526
0.289239
0.295260
0.280364
0.431789
0.354550
0.580131
0.384409
0.029022
0.616471
0.380348
0.488546
0.000000
0.098301
0.691448
0.196152
0.478773
0.392657
0.418388
0.384409
0.409649
0.469115
0.249738
0.580131
0.725518
0.018348
0.376329
0.396844
0.464332
0.483646
0.473929
0.418388
0.413998
0.696420
0.042932
0.372352
0.268783
0.179659
0.464332
0.807433
0.215662
0.538822
0.286261
0.313899
0.361862
0.427283
0.201701
0.277443
0.249738
0.286261
0.445526
0.681409
0.508402
0.401071
0.252629
0.277443
0.198924
0.125309
0.152929
0.292239
0.478773
0.215662
0.320333
0.313899
0.384409
0.413998
0.127719
0.413998
0.190627
0.493473
0.024722
0.312044
0.409649
0.422816
0.120556
0.422816
0.671253
0.118215
0.336982
0.029803
0.473929
0.469115
0.629698
0.368417
0.185128
0.187874
0.171522
0.185128
0.340418
0.221280
0.459581
0.160820
0.323596
0.193387
0.478773
0.358184
0.413998
0.528611
0.413998
0.533708
0.021024
0.140090
0.418388
0.059402
0.691448
0.166147
0.168829
0.380348
0.235421
0.686444
0.122921
0.361862
0.427283
0.454862
0.289239
0.388512
0.483646
0.343892
0.523530
0.372352
0.249738
0.274540
0.392657
0.676345
0.096225
0.009709
0.295260
0.361862
0.174225
0.055195
0.292239
0.137576
0.358184
0.060861
0.413998
0.150328
0.478773
0.450177
0.757647
0.585325
0.257447
0.226919
0.298303
0.009180
0.145174
0.049973
0.336982
0.013559
0.388512
0.289239
0.350956
0.464332
0.299286
0.388512
0.611288
0.257447
0.354550
0.595715
0.585325
0.372352
0.100406
0.498426
0.681409
0.413998
0.238268
0.017372
0.292239
0.388512
0.179659
0.022803
0.422816
0.187874
0.215662
0.277443
0.459581
0.142623
0.193387
0.086274
0.015565
0.185128
0.436331
0.464332
0.323596
0.580131
0.549090
0.503402
0.292239
0.224097
0.450177
0.135081
0.150328
0.413998
0.384409
0.215662
0.450177
0.431789
0.333583
0.013939
0.405340
0.005347
0.280364
0.142623
0.218468
0.274540
0.263087
0.624425
0.498426
0.312044
0.347404
0.176937
0.313899
0.616471
0.168829
0.384409
0.523530
0.299286
0.313899
0.135081
0.418388
0.024722
0.137576
0.127719
0.015565
0.016445
0.028260
0.298303
0.193387
0.372352
0.295260
0.569756
0.392657
0.595715
0.263087
0.493473
0.277443
0.361862
0.440911
0.257447
0.503402
0.317101
0.040785
0.257447
0.666135
0.029022
0.569756
0.464332
0.488546
0.030603
0.350956
0.034003
0.409649
0.274540
0.140090
0.436331
0.422816
0.478773
0.401071
0.380348
0.218468
0.303465
0.207270
0.574941
0.523530
0.473929
0.508402
0.333583
0.473929
0.459581
0.358184
0.252629
0.422816
0.585325
0.528611
0.340418
0.405340
0.198924
0.549090
0.333583
0.235421
0.436331
0.384409
0.513425
0.478773
0.409649
0.204483
0.361862
0.077061
0.094177
0.396844
0.372352
0.543949
0.483646
0.130152
0.317101
0.350956
0.307717
0.158176
0.574941
0.640202
0.226919
0.681409
0.313899
0.538822
0.554243
0.372352
0.109100
0.215662
0.008017
0.185128
0.118215
0.137576
0.459581
0.464332
0.454862
0.413998
0.092158
0.533708
0.340418
0.086274
0.201701
