0.453665
0.004145
0.011377
0.296581
0.000554
0.275232
0.492269
0.685446
0.053095
0.402853
0.440854
0.051005
0.651750
0.568627
0.085439
0.819452
0.004145
0.089419
0.628141
0.605462
0.341982
0.107421
0.161339
0.117744
0.275232
0.330319
0.746021
0.492269
0.004321
0.097992
0.963259
0.263644
0.365864
0.839566
0.857702
0.037743
0.568627
0.453665
0.007571
0.605462
0.402853
0.043686
0.016584
0.062701
0.093601
0.833088
0.015005
0.244433
0.001820
0.318856
0.285786
0.781183
0.147664
0.318856
0.365864
0.390389
0.378053
0.378053
0.916839
0.833088
0.000461
0.000063
0.021504
0.296581
0.208458
0.285786
0.026932
0.530750
0.285786
0.402853
0.002706
0.000167
0.191721
0.161339
0.952326
0.605462
0.726872
0.948022
0.026932
0.263644
0.307607
0.746021
0.042085
0.330319
0.285786
0.068354
0.071419
0.117744
0.581041
0.492269
0.453665
0.000965
0.014506
0.341982
0.685446
0.168553
0.010977
0.307607
0.199960
0.016043
0.628141
0.674455
0.000000
0.102597
0.581041
0.341982
0.226071
0.018903
0.365864
0.062701
0.244433
0.845825
0.102597
0.226071
0.402853
0.819452
0.517967
0.428104
0.593324
0.000126
0.141197
0.913259
0.000221
0.530750
0.176019
0.021504
0.047150
0.217206
0.078063
0.952326
0.616025
0.002951
0.040564
0.014022
0.253931
0.804878
0.244433
0.000126
0.517967
0.581041
0.001390
0.296581
0.517967
0.000253
0.000921
0.415431
0.390389
0.005306
0.812285
0.330319
0.479391
0.593324
0.415431
0.640054
0.040564
0.085439
0.581041
0.040564
0.208458
0.217206
0.019525
0.341982
0.001521
0.068354
0.415431
0.492269
0.726872
0.726872
0.049025
0.285786
0.001903
0.440854
0.168553
0.253931
0.651750
0.000350
0.235146
0.026074
0.001057
0.093601
0.093601
0.183742
0.696188
0.010589
0.913259
0.402853
0.002374
0.789331
0.049025
0.018298
0.031758
0.863332
0.074653
0.628141
0.019525
0.089419
0.161339
0.013550
0.134975
0.161339
0.045372
0.285786
0.009146
0.013550
0.543466
0.057634
0.002374
0.000231
0.812285
0.341982
0.036432
0.024448
0.141197
0.253931
0.674455
0.330319
0.341982
0.019525
0.199960
0.285786
0.062701
0.074653
0.716904
0.176019
0.479391
0.001159
0.390389
0.014506
0.035183
0.943344
0.191721
0.027823
0.226071
0.199960
0.128994
0.616025
0.772781
0.036432
0.012210
0.000076
0.021504
0.002374
0.053095
0.000483
0.199960
0.043686
0.365864
0.415431
0.950219
0.009146
0.296581
0.199960
0.026932
0.002591
0.055302
0.005094
0.005525
0.107421
0.019525
0.089419
0.696188
0.208458
0.736578
0.235146
0.009491
0.191721
0.085439
0.696188
0.244433
0.244433
0.002706
0.402853
0.040564
0.353835
0.440854
0.851868
0.002591
0.428104
0.663221
0.593324
0.020824
0.026074
0.640054
0.378053
0.517967
0.047150
0.208458
0.027823
0.888599
0.134975
0.003654
0.505134
0.012210
0.307607
0.543466
0.071419
0.000334
0.047150
0.011377
0.851868
0.053095
0.674455
0.253931
0.093601
0.013550
0.330319
0.036432
0.028748
0.068354
0.857702
0.199960
0.263644
0.208458
0.161339
0.191721
0.217206
0.285786
0.378053
0.956283
0.065451
0.492269
0.000697
0.556097
0.716904
0.001213
0.055302
0.015005
0.183742
0.071419
0.033990
0.568627
0.390389
0.415431
0.415431
0.005986
0.453665
0.003216
0.341982
0.005525
0.168553
0.001591
0.296581
0.051005
0.033990
0.940856
0.022205
0.023675
0.022928
0.040564
0.913259
0.028748
0.804878
0.002174
0.018903
0.043686
0.706675
0.746021
0.696188
0.226071
0.000441
0.365864
0.055302
0.060098
0.011787
0.001010
0.068354
0.161339
0.208458
0.556097
0.065451
0.000291
0.663221
0.074653
0.378053
0.168553
0.789331
0.020165
0.628141
0.147664
0.353835
0.390389
0.176019
0.674455
0.068354
0.199960
0.047150
0.037743
0.402853
0.065451
0.479391
0.014022
0.318856
0.134975
0.888599
0.530750
0.003811
0.134975
0.112468
0.141197
0.004694
