0.308223
0.283650
0.004220
0.238592
0.410095
0.606550
0.393096
0.354950
0.244314
0.274880
0.257773
0.314270
0.298663
0.185408
0.252966
0.330603
0.401514
0.188156
0.188156
0.155793
0.405784
0.393096
0.185408
0.460039
0.344285
0.011148
0.721158
0.423266
0.427735
0.479234
0.303963
0.244314
0.423266
0.166407
0.299777
0.414446
0.179933
0.280709
0.177209
0.575398
0.196442
0.376760
0.050032
0.190912
0.362268
0.601360
0.230064
0.445982
0.358588
0.323974
0.340809
0.125515
0.464791
0.023429
0.224410
0.436785
0.118410
0.207570
0.384845
0.585779
0.450634
0.656264
0.362268
0.312558
0.351355
0.565035
0.414446
0.018851
0.171787
0.004097
0.298663
0.418837
0.213164
0.725911
0.323974
0.441366
0.241449
0.384845
0.671683
0.418837
0.235743
0.120754
0.274880
0.423266
0.450634
0.177209
0.484107
0.362268
0.376760
0.351355
0.188156
0.015131
0.368844
0.354950
0.289592
0.601360
0.423266
0.171787
0.376760
0.333969
0.171787
0.436785
0.606550
0.445982
0.354950
0.215968
0.182667
0.753556
0.518930
0.405784
0.474390
0.169092
0.337371
0.207570
0.513887
0.681833
0.283650
0.224410
0.088347
0.450634
0.252966
0.436785
0.410095
0.250072
0.274880
0.384845
0.484107
0.250072
0.308223
0.269118
0.423266
0.179933
0.317475
0.344285
0.298663
0.177209
0.534170
0.656264
0.388950
0.427735
0.153173
0.210364
0.312558
0.003749
0.441366
0.289592
0.635406
0.140318
0.201995
0.358588
0.011148
0.123123
0.169092
0.455320
0.207570
0.393096
0.441366
0.518930
0.269118
0.020458
0.312558
0.393096
0.410095
0.455320
0.314270
0.619595
0.022804
0.380782
0.013546
0.666568
0.204780
0.150569
0.518930
0.611736
0.120754
0.460039
0.227234
0.344285
0.474390
0.266261
0.218777
0.314270
0.347800
0.368844
0.445982
0.585779
0.423266
0.493935
0.046388
0.123123
0.059482
0.340809
0.235743
0.427735
0.123123
0.539283
0.344285
0.630149
0.418837
0.166407
0.344285
0.283650
0.257773
0.397285
0.432241
0.094329
0.498888
0.432241
0.241449
0.436785
0.630149
0.432241
0.414446
0.534170
0.269118
0.445982
0.529073
0.127929
0.362268
0.163734
0.405784
0.299777
0.299777
0.224410
0.295617
0.362268
0.000004
0.244314
0.104871
0.298663
0.423266
0.196442
0.493935
0.071997
0.344285
0.441366
0.280709
0.188156
0.018342
0.286611
0.078966
0.397285
0.362268
0.323974
0.003640
0.317475
0.388950
0.455320
0.274880
0.441366
0.333969
0.327272
0.479234
0.308223
0.441366
0.436785
0.317475
0.277786
0.493935
0.235743
0.127929
0.337371
0.393096
0.570214
0.523992
0.380782
0.347800
0.169092
0.666568
0.518930
0.474390
0.405784
0.337371
0.479234
0.075422
0.590973
0.188156
0.145409
0.518930
0.474390
0.116089
0.135301
0.380782
0.508865
0.393096
0.596167
0.432241
0.250072
0.257773
0.445982
0.414446
0.469575
0.312558
0.554702
0.344285
0.034028
0.376760
0.312558
0.123123
0.414446
0.380782
0.384845
0.368844
0.450634
0.215968
0.397285
0.590973
0.182667
0.210364
0.185408
0.575398
0.489008
0.513887
0.224410
0.347800
0.113794
0.026801
0.397285
0.418837
0.193674
0.204780
0.034028
0.158426
0.376760
0.230064
0.065505
0.250072
0.570214
0.017364
0.317475
0.436785
0.368844
0.308223
0.380782
0.372781
0.100570
0.474390
0.088347
0.163734
0.169092
0.055266
0.368844
0.372781
0.080783
0.455320
0.418837
0.025401
0.601360
0.145409
0.388950
0.330603
0.493935
0.498888
0.295617
0.529073
0.410095
0.177209
0.308223
0.464791
0.241449
0.171787
0.104871
0.368844
0.479234
0.269118
0.414446
0.347800
0.725911
0.423266
0.523992
0.280709
0.014719
0.368844
0.418837
0.298663
0.286611
0.393096
0.213164
0.410095
0.320709
0.271991
0.493935
0.393096
0.474390
0.739925
0.277786
0.056643
0.088347
0.292593
0.436785
0.084505
0.250072
0.388950
0.405784
0.210364
0.323974
0.244314
0.158426
0.107062
0.362268
0.523992
0.026092
0.107062
0.333969
0.469575
0.257773
0.340809
0.257773
0.280709
0.358588
0.455320
0.067084
0.384845
0.753556
0.166407
0.286611
0.145409
0.489008
0.479234
0.624878
0.401514
0.277786
0.179933
0.125515
0.601360
0.635406
0.330603
0.739925
0.436785
0.423266
0.340809
0.271991
0.410095
0.489008
0.161074
0.464791
0.188156
0.277786
0.127929
0.163734
0.619595
0.686865
0.174493
0.701770
0.274880
0.308223
0.534170
0.166407
0.596167
0.354950
0.317475
0.244314
0.640648
0.204780
0.397285
0.469575
0.274880
0.289592
0.161074
0.244314
0.252966
0.397285
0.118410
0.327272
0.523992
0.028272
0.323974
0.210364
0.508865
0.213164
0.011464
0.340809
0.469575
0.317475
0.397285
0.351355
0.227234
0.308223
0.436785
0.351355
0.464791
0.455320
0.354950
0.455320
0.227234
0.295617
0.323974
0.645873
0.565035
0.188156
0.185408
0.351355
0.410095
0.323974
0.140318
0.299777
0.123123
0.559864
0.102707
0.238592
0.460039
0.380782
0.269118
0.460039
0.158426
0.418837
0.388950
0.145409
0.317475
0.238592
0.405784
0.513887
0.414446
0.347800
0.405784
0.384845
0.185408
0.312558
0.337371
0.469575
0.464791
0.484107
0.018342
0.749056
0.238592
0.489008
0.218777
0.308223
0.247188
0.616917
0.358588
0.474390
0.656264
0.493935
0.327272
0.464791
0.232901
0.518930
0.113794
0.161074
0.317475
0.706672
0.469575
0.744512
0.344285
0.127929
0.354950
0.244314
0.031441
0.418837
0.320709
0.372781
0.120754
0.337371
0.224410
0.199216
0.401514
0.534170
0.368844
0.410095
0.393096
0.518930
0.493935
0.358588
0.142854
0.351355
0.344285
0.539283
0.464791
0.333969
0.423266
0.372781
0.393096
0.362268
0.266261
0.292593
0.308223
0.554702
0.153173
0.661428
0.405784
0.388950
0.084505
0.323974
0.518930
0.762419
0.067084
0.303963
0.455320
0.116089
0.125515
0.518930
0.401514
0.474390
0.464791
0.376760
0.380782
0.376760
0.534170
0.596167
