0.389290
0.274282
0.253055
0.000437
0.199227
0.081327
0.009740
0.414331
0.439764
0.068078
0.001574
0.340917
0.040402
0.002916
0.085096
0.050802
0.093228
0.059857
0.160735
0.147106
0.529766
0.140661
0.772497
0.074352
0.005032
0.736206
0.274282
0.216430
0.340917
0.048831
0.555160
0.340917
0.071131
0.046963
0.639445
0.000000
0.140661
0.002560
0.516962
0.897444
0.340917
0.074352
0.000724
0.038961
0.167924
0.000869
0.036282
0.175366
0.050802
0.452583
0.262742
0.243583
0.057404
0.081327
0.026798
0.045192
0.414331
0.167924
0.529766
0.542505
0.832944
0.013897
0.052315
0.726476
0.022795
0.684949
0.134459
0.504110
0.112029
0.364777
0.516962
0.478333
0.478333
0.542505
0.857612
0.804670
0.317822
0.207698
0.284813
0.000691
0.022072
0.147106
0.043512
0.452583
0.542505
0.002916
0.018770
0.340917
0.167924
0.452583
0.025941
0.789087
0.160735
0.134459
0.077748
0.059857
0.901634
0.015913
0.340917
0.940907
0.352758
0.065187
0.038961
0.122775
0.003177
0.020032
0.216430
0.352758
0.516962
0.529766
0.003177
0.909543
0.167924
0.026798
0.013426
0.046963
0.274282
0.112029
0.000869
0.905666
0.052315
0.262742
0.207698
0.006402
0.026798
0.207698
0.167924
0.706230
0.491228
0.763816
0.000110
0.140661
0.376959
0.050802
0.295585
0.284813
0.062449
0.002916
0.627504
0.401753
0.000014
0.191016
0.052315
0.001505
0.199227
0.857612
0.317822
0.037589
0.465445
0.763816
0.883874
0.329267
0.024314
0.797002
0.183063
0.207698
0.059857
0.639445
0.017009
0.045192
0.873942
0.009740
0.077748
0.207698
0.004636
0.262742
0.905666
0.008390
0.274282
0.529766
0.077748
0.160735
0.389290
0.102191
0.001646
0.065187
0.014877
0.014380
0.001800
0.000317
0.879000
0.022072
0.004268
0.167924
0.001646
0.026798
0.262742
0.005241
0.014877
0.909543
0.077748
0.055082
0.427008
0.041917
0.037589
0.134459
0.112029
0.003609
0.763816
0.555160
0.376959
0.952387
0.068078
0.029574
0.427008
0.003926
0.452583
0.274282
0.000252
0.706230
0.068078
0.317822
0.504110
0.504110
0.117286
0.009045
0.081327
0.071131
0.016453
0.253055
0.077748
0.243583
0.452583
0.306591
0.029574
0.097603
0.032707
0.057404
0.038961
0.153797
0.046963
0.199227
0.010104
0.504110
0.529766
0.317822
0.003044
0.062449
0.122775
0.274282
0.038961
0.191016
0.439764
0.019392
0.007199
0.243583
0.340917
0.306591
0.037589
0.580157
0.695717
0.414331
0.006659
0.038961
0.401753
0.329267
0.000381
0.772497
0.465445
0.071131
0.001048
0.052315
0.340917
0.000095
0.068078
0.284813
0.001048
0.851765
0.128498
0.022795
0.052315
0.199227
0.011262
0.295585
0.062449
0.243583
0.478333
0.555160
0.253055
0.041917
0.555160
0.772497
0.003460
0.839436
0.097603
0.243583
0.306591
0.003460
0.037589
0.389290
0.604632
0.013426
0.857612
0.329267
0.000550
0.032707
0.857612
0.243583
0.306591
0.284813
0.478333
0.071131
0.888570
0.085096
0.389290
0.175366
0.736206
0.023542
0.364777
0.147106
0.081327
0.089061
0.005241
0.128498
0.085096
0.052315
0.754875
0.012969
0.452583
0.439764
0.112029
0.036282
0.199227
0.014877
0.243583
0.948080
0.089061
0.754875
0.000757
0.262742
0.014380
0.234324
0.016453
0.207698
0.089061
0.317822
0.376959
0.002560
0.062449
0.160735
0.295585
0.706230
0.262742
0.295585
0.516962
0.234324
0.567716
0.504110
0.005032
0.567716
0.183063
0.001315
0.306591
0.604632
0.183063
0.017579
0.329267
0.052315
0.035036
0.045192
0.065187
0.065187
0.048831
0.001646
0.306591
0.068078
0.465445
0.004268
0.414331
0.295585
0.112029
0.284813
0.018770
0.057404
0.504110
0.797002
0.926798
0.037589
0.772497
0.243583
0.001048
0.055082
0.027688
0.604632
0.306591
0.160735
0.074352
0.225275
0.306591
0.000303
0.153797
0.879000
0.216430
0.639445
0.364777
0.439764
0.414331
0.183063
0.401753
0.000166
