0.141177
0.017777
0.517478
0.285517
0.341634
0.274979
0.353473
0.019599
0.415008
0.006760
0.175945
0.062766
0.043777
0.030813
0.825991
0.555591
0.081699
0.952131
0.009174
0.208325
0.353473
0.018367
0.020242
0.285517
0.023015
0.763707
0.002719
0.478922
0.071473
0.440411
0.639650
0.873647
0.353473
0.389988
0.078110
0.019599
0.453213
0.013135
0.285517
0.365488
0.047237
0.263418
0.023015
0.627739
0.168491
0.020904
0.014558
0.098020
0.002186
0.032950
0.098020
0.032950
0.674046
0.043777
0.057706
0.040660
0.010623
0.530255
0.147635
0.040660
0.018974
0.017777
0.819054
0.029810
0.517478
0.318538
0.035283
0.568117
0.112483
0.168491
0.208325
0.208325
0.000000
0.329985
0.036532
0.008513
0.042179
0.427670
0.353473
0.568117
0.353473
0.580527
0.000974
0.945518
0.012250
0.001067
0.377665
0.208325
0.000339
0.055377
0.857332
0.478922
0.000446
0.057706
0.745606
0.031859
0.017203
0.341634
0.043777
0.006760
0.253724
0.049109
0.003095
0.027028
0.112483
0.341634
0.604940
0.000295
0.040660
0.001752
0.706261
0.102621
0.023764
0.845444
0.051086
0.234977
0.102621
0.862967
0.062766
0.022289
0.945518
0.491793
0.217073
0.071473
0.208325
0.217073
0.055377
0.031859
0.208325
0.011414
0.318538
0.060166
0.001832
0.627739
0.307304
0.007029
0.128990
0.341634
0.329985
0.415008
0.007594
0.888265
0.023015
0.008513
0.035283
0.001464
0.168491
0.000489
0.078110
0.093633
0.028847
0.183654
0.023015
0.089455
0.615625
0.057706
0.427670
0.897137
0.491793
0.000282
0.353473
0.745606
0.662813
0.021586
0.065512
0.427670
0.021586
0.168491
0.040660
0.234977
0.839181
0.085479
0.862967
0.112483
0.010623
0.081699
0.199842
0.377665
0.004161
0.147635
0.020904
0.049109
0.049109
0.001222
0.883572
0.031859
0.001019
0.415008
0.085479
0.000005
0.353473
0.057706
0.615625
0.318538
0.128990
0.032950
0.307304
0.049109
0.055377
0.453213
0.318538
0.517478
0.013135
0.117753
0.128990
0.341634
0.000170
0.147635
0.065512
0.504652
0.071473
0.926501
0.040660
0.078110
0.253724
0.530255
0.011826
0.234977
0.014071
0.014558
0.353473
0.285517
0.274979
0.217073
0.175945
0.123254
0.296294
0.000489
0.001675
0.024538
0.244245
0.018367
0.353473
0.530255
0.639650
0.003517
0.045461
0.897137
0.003669
0.415008
0.555591
0.060166
0.016101
0.307304
0.035283
0.043777
0.329985
0.542965
0.000614
0.006760
0.341634
0.002840
0.440411
0.000282
0.307304
0.796821
0.923316
0.052603
0.141177
0.098020
0.078110
0.019599
0.296294
0.134963
0.244245
0.047237
0.318538
0.023015
0.089455
0.453213
0.627739
0.916554
0.040660
0.019599
0.274979
0.000446
0.134963
0.353473
0.015573
0.839181
0.051086
0.043777
0.938028
0.049109
0.062766
0.021586
0.000371
0.819054
0.466056
0.296294
0.662813
0.296294
0.036532
0.006248
0.055377
0.341634
0.002386
0.021586
0.402441
0.568117
0.023764
0.530255
0.427670
0.329985
0.627739
0.062766
0.517478
0.037841
0.478922
0.071473
0.263418
0.175945
0.052603
0.074704
0.389988
0.427670
0.217073
0.592806
0.763707
0.909237
0.128990
0.191619
0.147635
0.006248
0.000339
0.716489
0.042179
0.068412
0.085479
0.060166
0.060166
0.389988
0.453213
0.107440
0.003517
0.161289
0.117753
0.000155
0.353473
0.175945
0.253724
0.365488
0.000467
0.015058
0.208325
0.695775
0.147635
0.811883
0.929560
0.001279
0.031859
0.845444
0.780772
0.031859
0.504652
0.057706
0.234977
0.013135
0.415008
0.047237
0.542965
0.555591
0.329985
0.440411
0.274979
0.029810
0.555591
0.754787
0.005112
0.045461
0.029810
0.754787
0.015573
0.341634
0.868404
0.078110
0.296294
0.098020
0.102621
0.161289
0.389988
0.389988
0.389988
0.022289
0.377665
0.021586
0.253724
0.329985
0.950018
0.225921
0.011826
0.639650
0.015058
0.811883
0.183654
0.788922
0.074704
0.034090
0.263418
0.002719
