0.134707
0.888203
0.340812
0.025403
0.030868
0.078059
0.019670
0.019046
0.025403
0.234394
0.049133
0.262767
0.117562
0.426782
0.001761
0.364638
0.490921
0.638908
0.001539
0.262767
0.097902
0.068389
0.027089
0.695175
0.771989
0.154010
0.243639
0.040698
0.478042
0.123042
0.140898
0.102486
0.065497
0.001684
0.883500
0.274281
0.107287
0.102486
0.000447
0.102486
0.074663
0.123042
0.274281
0.000848
0.085404
0.003852
0.168112
0.001761
0.154010
0.071442
0.055387
0.376803
0.007943
0.490921
0.019046
0.000195
0.071442
0.554782
0.071442
0.000372
0.012756
0.033001
0.234394
0.147332
0.017275
0.004018
0.030868
0.754356
0.085404
0.592055
0.253096
0.763303
0.123042
0.014142
0.352636
0.085404
0.452324
0.147332
0.010687
0.081637
0.011078
0.567326
0.000562
0.317752
0.199356
0.017275
0.078059
0.295549
0.042215
0.516625
0.401562
0.234394
0.016717
0.920003
0.085404
0.225361
0.234394
0.838995
0.329180
0.262767
0.262767
0.274281
0.673388
0.364638
0.028905
0.123042
0.039257
0.306538
0.168112
0.262767
0.878617
0.051105
0.262767
0.274281
0.014629
0.243639
0.071442
0.047263
0.364638
0.243639
0.123042
0.017849
0.057711
0.015645
0.695175
0.071442
0.003251
0.002736
0.306538
0.168112
0.818812
0.306538
0.306538
0.626971
0.016717
0.002736
0.000706
0.000000
0.140898
0.060165
0.053188
0.503788
0.089366
0.160936
0.005810
0.039257
0.001610
0.883500
0.055387
0.503788
0.364638
0.134707
0.097902
0.000020
0.000675
0.074663
0.614831
0.035330
0.045491
0.006291
0.093530
0.117562
0.016174
0.062758
0.243639
0.780418
0.018439
0.134707
0.057711
0.085404
0.040698
0.010687
0.804190
0.183221
0.060165
0.788592
0.735677
0.626971
0.107287
0.057711
0.529415
0.225361
0.002104
0.684406
0.065497
0.401562
0.002298
0.097902
0.020973
0.000447
0.002298
0.019670
0.191159
0.062758
0.014142
0.107287
0.340812
0.001925
0.147332
0.376803
0.001407
0.102486
0.478042
0.128756
0.490921
0.045491
0.001471
0.017275
0.013667
0.426782
0.929575
0.002620
0.000588
0.000389
0.401562
0.085404
0.024603
0.295549
0.529415
0.051105
0.023830
0.662127
0.340812
0.414123
0.295549
0.010307
0.352636
0.045491
0.253096
0.503788
0.253096
0.329180
0.478042
0.253096
0.006047
0.102486
0.015130
0.329180
0.025403
0.020312
0.878617
0.253096
0.051105
0.426782
0.027980
0.039257
0.452324
0.567326
0.107287
0.705690
0.134707
0.021655
0.000170
0.005581
0.012756
0.401562
0.465170
0.068389
0.478042
0.389116
0.364638
0.023082
0.503788
0.081637
0.579755
0.452324
0.253096
0.060165
0.000588
0.414123
0.000234
0.009580
0.340812
0.274281
0.017275
0.175540
0.009938
0.000355
0.085404
0.175540
0.529415
0.401562
0.604211
0.043810
0.542140
0.117562
0.567326
0.071442
0.027089
0.253096
0.567326
0.062758
0.051105
0.053188
0.043810
0.085404
0.016717
0.026231
0.926511
0.465170
0.168112
0.036577
0.516625
0.771989
0.057711
0.705690
0.376803
0.529415
0.364638
0.604211
0.306538
0.199356
0.128756
0.020973
0.062758
0.023082
0.140898
0.047263
0.604211
0.175540
0.175540
0.021655
0.134707
0.317752
0.016717
0.947850
0.081637
0.000257
0.097902
0.364638
0.012318
0.253096
0.005810
0.376803
0.175540
0.002401
0.478042
0.401562
0.123042
0.140898
0.001925
0.112311
0.053188
0.040698
0.592055
0.015130
0.465170
0.735677
0.004018
0.376803
0.053188
0.191159
0.183221
0.147332
0.040698
0.001228
0.340812
0.025403
0.626971
0.000355
0.000427
0.932517
0.426782
0.873551
0.078059
0.542140
0.065497
0.352636
0.010687
0.216527
0.243639
0.503788
0.225361
0.055387
0.329180
0.037885
0.015645
0.160936
0.022357
0.000468
0.039257
0.025403
0.019046
0.154010
0.112311
0.490921
0.154010
0.062758
0.057711
0.183221
0.001285
0.754356
0.020312
0.650630
0.023830
0.168112
0.745148
0.027089
0.068389
0.015645
